0 2 6 10, 9b5
0 3 6 10, m7b5
0 3 6 9, dim7
0 3 6 11, min M7#5
0 3 7 10, min7
0 3 7 11, min M7
0 3 8 11, 6/M7
0 3 8 13, 6/b9
0 3 8 14, min 6/9
0 4 6 10, 7b5
0 4 7 11, M7
0 4 7 10, 7
0 4 8 10, 7#5
0 4 8 12, aug
0 4 8 11, min M7b5
0 4 8 13, aug b9
0 4 9 14, 6/9 sus4
0 4 9 15, 6/b10 sus4
0 4 10 14, 9
0 5 8 13, #5sus4 b9
0 5 8 11, M11#5sus4
0 5 9 14, 6sus4 9
0 5 9 13, 6sus4 b9
0 5 9 15, 6sus4 b10
0 5 10 13, b9sus4
0 5 10 14, 9sus4 
0 5 10 15, b10sus4 
0 5 10 16, 10sus4
0 5 11 16, M11sus4 
0 6 10 15, sus#4 b10
0 6 11 14, M11susb5 9
0 6 11 15, M11susb5 b10
0 6 11 16, sus#4 sus7 10

